10,84,99,88,88,124,112,105,88,110
84,10,67,42,48,94,99999,67,47,73
99,67,10,113,110,128,99999,111,99999,128
88,42,113,10,183,203,174,179,185,196
88,48,110,183,10,122,99999,99999,104,116
124,94,128,203,122,10,121,125,118,99999
112,99999,99999,174,99999,121,10,63,40,73
105,67,111,179,99999,125,63,10,80,95
88,47,99999,185,104,118,40,80,10,78
110,73,128,196,116,99999,73,95,78,10
