10,161,150,164,172,170,168,153,160,153
161,10,99999,59,104,63,68,79,63,60
150,99999,10,48,90,55,56,65,62,50
164,59,48,10,95,41,43,54,44,27
172,104,90,95,10,36,42,57,40,17
170,63,55,41,36,10,41,51,40,15
168,68,56,43,42,41,10,65,55,39
153,79,65,54,57,51,65,10,68,68
160,63,62,44,40,40,55,68,10,85
153,60,50,27,17,15,39,68,85,10
