10,140,37,52,51,41,27,21,44,85
140,10,99999,90,86,90,80,88,82,117
37,99999,10,99999,60,52,49,40,62,90
52,90,99999,10,66,61,50,52,58,101
51,86,60,66,10,57,50,53,67,102
41,90,52,61,57,10,25,18,44,97
27,80,49,50,50,25,10,74,86,112
21,88,40,52,53,18,74,10,82,117
44,82,62,58,67,44,86,82,10,99999
85,117,90,101,102,97,112,117,99999,10
