10,72,81,99999,99999,64,34,65,73,58
72,10,89,99999,49,78,53,99999,89,78
81,89,10,88,96,100,89,101,121,104
99999,99999,88,10,46,71,52,68,88,72
99999,49,96,46,10,55,22,99999,68,61
64,78,100,71,55,10,40,65,78,61
34,53,89,52,22,40,10,78,87,80
65,99999,101,68,99999,65,78,10,78,62
73,89,121,88,68,78,87,78,10,60
58,78,104,72,61,61,80,62,60,10
