10,82,85,112,116,97,91,95,109,87
82,10,77,98,99999,79,99999,79,85,99999
85,77,10,99999,138,120,110,104,130,115
112,98,99999,10,89,39,42,21,58,33
116,99999,138,89,10,66,99999,99999,78,61
97,79,120,39,66,10,42,25,65,99999
91,99999,110,42,99999,42,10,42,66,52
95,79,104,21,99999,25,42,10,66,43
109,85,130,58,78,65,66,66,10,116
87,99999,115,33,61,99999,52,43,116,10
