10,78,102,78,117,72,101,73,73,106
78,10,76,39,92,38,83,36,29,101
102,76,10,50,110,57,103,54,46,110
78,39,50,10,105,64,106,59,55,108
117,92,110,105,10,58,91,58,54,109
72,38,57,64,58,10,95,38,33,89
101,83,103,106,91,95,10,47,43,95
73,36,54,59,58,38,47,10,35,92
73,29,46,55,54,33,43,35,10,88
106,101,110,108,109,89,95,92,88,10
