10,67,59,98,61,56,99999,68,77,59
67,10,99999,109,82,99999,87,88,86,88
59,99999,10,96,60,61,59,75,76,61
98,109,96,10,19,23,26,39,49,25
61,82,60,19,10,47,53,60,64,50
56,99999,61,23,47,10,107,111,120,99999
99999,87,59,26,53,107,10,45,51,28
68,88,75,39,60,111,45,10,99999,36
77,86,76,49,64,120,51,99999,10,54
59,88,61,25,50,99999,28,36,54,10
