10,99999,67,112,73,31,37,37,82,51
99999,10,60,103,71,26,32,32,76,47
67,60,10,98,68,26,33,31,74,53
112,103,98,10,74,53,99999,55,91,70
73,71,68,74,10,50,53,52,79,69
31,26,26,53,50,10,31,32,74,53
37,32,33,99999,53,31,10,76,100,80
37,32,31,55,52,32,76,10,88,63
82,76,74,91,79,74,100,88,10,49
51,47,53,70,69,53,80,63,49,10
