10,86,111,53,78,46,48,99999,95,48
86,10,123,71,86,62,62,101,98,66
111,123,10,88,110,97,90,121,120,85
53,71,88,10,73,40,38,99999,91,36
78,86,110,73,10,48,46,79,99,99999
46,62,97,40,48,10,33,79,85,35
48,62,90,38,46,33,10,126,122,99999
99999,101,121,99999,79,79,126,10,92,21
95,98,120,91,99,85,122,92,10,22
48,66,85,36,99999,35,99999,21,22,10
