10,120,55,100,68,57,56,53,78,69
120,10,77,110,79,99999,69,75,89,82
55,77,10,88,99999,99999,50,52,74,63
100,110,88,10,187,99999,184,177,99999,171
68,79,99999,187,10,100,96,96,108,99
57,99999,99999,99999,100,10,49,43,69,58
56,69,50,184,96,49,10,24,55,49
53,75,52,177,96,43,24,10,63,55
78,89,74,99999,108,69,55,63,10,106
69,82,63,171,99,58,49,55,106,10
