10,71,40,66,40,49,99999,66,43,56
71,10,42,63,39,54,111,99999,41,61
40,42,10,62,38,48,113,66,40,57
66,63,62,10,93,92,138,101,99999,96
40,39,38,93,10,45,104,68,34,56
49,54,48,92,45,10,112,79,51,62
99999,111,113,138,104,112,10,99999,72,99999
66,99999,66,101,68,79,99999,10,99999,56
43,41,40,99999,34,51,72,99999,10,63
56,61,57,96,56,62,99999,56,63,10
