10,32,51,71,129,69,66,31,61,26
32,10,49,67,117,76,66,99999,56,99999
51,49,10,99999,125,99999,73,99999,68,44
71,67,99999,10,99999,75,66,30,60,26
129,117,125,99999,10,68,99999,23,52,17
69,76,99999,75,68,10,76,55,71,53
66,66,73,66,99999,76,10,30,99999,26
31,99999,99999,30,23,55,30,10,63,28
61,56,68,60,52,71,99999,63,10,40
26,99999,44,26,17,53,26,28,40,10
