10,67,70,122,63,66,71,68,116,99999
67,10,99999,151,102,99999,102,114,156,102
70,99999,10,124,86,78,89,79,128,77
122,151,124,10,43,43,46,44,122,39
63,102,86,43,10,28,39,35,116,23
66,99999,78,43,28,10,99999,75,132,64
71,102,89,46,39,99999,10,55,120,54
68,114,79,44,35,75,55,10,123,54
116,156,128,122,116,132,120,123,10,67
99999,102,77,39,23,64,54,54,67,10
