10,99999,148,107,137,142,123,117,111,142
99999,10,132,52,87,112,69,63,64,107
148,132,10,56,79,114,70,63,68,108
107,52,56,10,99999,121,80,82,76,115
137,87,79,99999,10,108,62,50,51,96
142,112,114,121,108,10,99999,35,40,90
123,69,70,80,62,99999,10,46,49,94
117,63,63,82,50,35,46,10,117,147
111,64,68,76,51,40,49,117,10,101
142,107,108,115,96,90,94,147,101,10
