10,92,85,86,87,99999,94,79,88,118
92,10,53,59,53,77,76,47,48,105
85,53,10,172,165,99999,162,146,162,186
86,59,172,10,51,77,69,45,49,99999
87,53,165,51,10,76,99999,27,33,94
99999,77,99999,77,76,10,110,95,88,99999
94,76,162,69,99999,110,10,61,65,109
79,47,146,45,27,95,61,10,99999,100
88,48,162,49,33,88,65,99999,10,92
118,105,186,99999,94,99999,109,100,92,10
