10,101,83,100,79,82,99999,100,80,83
101,10,99999,67,21,41,20,62,28,99999
83,99999,10,98,80,87,74,96,75,72
100,67,98,10,38,99999,35,63,99999,39
79,21,80,38,10,68,62,86,99999,64
82,41,87,99999,68,10,32,68,99999,34
99999,20,74,35,62,32,10,92,70,77
100,62,96,63,86,68,92,10,61,62
80,28,75,99999,99999,99999,70,61,10,34
83,99999,72,39,64,34,77,62,34,10
