10,131,99999,106,99999,31,52,109,107,50
131,10,80,123,73,68,80,99999,99999,80
99999,80,10,116,42,30,54,115,111,50
106,123,116,10,65,99999,73,127,121,71
99999,73,42,65,10,29,51,117,114,49
31,68,30,99999,29,10,115,144,149,102
52,80,54,73,51,115,10,136,120,77
109,99999,115,127,117,144,136,10,118,70
107,99999,111,121,114,149,120,118,10,80
50,80,50,71,49,102,77,70,80,10
